add "0 St" (-69,-60) (-2,-17) (52,41) (-7,-87) (56,-89) (-58,-75) (0,95) (-36,34)
add "1 St" (-9,-55) (-56,94) (21,-23) (-41,19) (-71,91) (26,-89) (-57,-60) (39,70) (-34,30) (-25,-28) (1,-29)
add "2 St" (-7,40) (87,54) (33,-18) (-23,-65) (4,-25) (-65,-40) (-86,-30) (58,12) (-55,60) (69,-18) (55,42)
add "3 St" (-28,42) (21,49) (75,70) (86,-91) (7,55) (-2,-17) (77,29)
add "4 St" (-21,71) (-58,47) (-90,-81) (21,53) (-43,10) (-4,11) (18,47) (-31,-36)
add "5 St" (-54,-21) (44,-44) (90,55) (-99,-16) (21,33) (-15,16) (-49,93) (-42,81) (65,83) (35,-39) (97,21)
add "6 St" (98,96) (52,-92) (48,-78) (64,-76)
add "7 St" (-28,-99) (22,-52) (95,-21) (-8,67) (-39,-28) (-80,-18)
add "8 St" (57,-28) (-35,46) (98,44) (72,-16) (70,-88) (31,87) (-35,36) (0,-7) (-85,-78)
add "9 St" (-46,37) (-49,14) (-41,-58) (38,27) (-71,-41) (-43,19) (-4,42) (-83,-11)
add "10 St" (-17,23) (13,-32) (56,13) (91,93) (-75,49) (73,-32) (34,50) (44,-9) (-1,22)
add "11 St" (-39,13) (97,-47) (-51,-57) (56,84) (72,-45) (-65,67) (75,-66) (25,-44) (-78,20) (-55,-4)
add "12 St" (-6,-18) (-80,62)
add "13 St" (38,36) (-49,35) (83,-46) (-88,94) (92,21) (-82,-30) (-44,24) (62,-69) (98,-92) (-32,70)
add "14 St" (42,96) (47,-59) (-64,-33) (-13,39) (-40,53) (-43,93) (80,-99) (64,27) (24,47) (-50,-12)
add "15 St" (38,-70) (-99,98) (-82,-1) (89,13) (77,-32) (-46,-52) (-38,-14) (37,-36) (-88,35)
add "16 St" (11,8) (5,-9) (-57,71) (20,27) (85,13) (95,-39) (68,53)
add "17 St" (58,-60) (50,61) (85,72) (-95,-69) (75,78) (-60,-45) (-93,-11)
add "18 St" (82,41) (-92,28) (65,69)
add "19 St" (-91,61) (-39,-90)
add "20 St" (-62,-46) (-51,-65) (-63,-34) (-91,-26) (14,93) (5,-73) (93,-24)
add "21 St" (59,84) (-7,-43) (-2,-31) (-43,-44) (-81,-93) (57,-36)
add "22 St" (-3,-16) (-29,-72) (-51,71) (-22,-6) (-46,-7) (-41,26) (36,59) (-63,-66) (-85,-20) (42,61)
add "23 St" (36,-67) (96,-42) (-91,-50) (-36,31)
add "24 St" (22,-77) (-56,51) (5,35) (48,69) (82,-74) (45,-21) (98,60) (-45,-44) (-52,-12)
add "25 St" (27,-28) (-81,22) (54,94) (16,96) (87,-30) (43,-53) (69,97) (12,86) (84,-8) (-100,4) (16,-75)
add "26 St" (-29,-18) (-73,-56) (25,65)
add "27 St" (97,24) (44,83) (-66,-89) (-30,-31) (6,40)
add "28 St" (29,-7) (-61,96) (-80,75) (-29,6) (-90,-92) (11,-31) (-84,-2) (18,39) (-54,37) (-59,-70) (28,21)
add "29 St" (12,3) (-17,-99) (-12,-33) (19,-46) (-97,-47) (-86,-6)
add "30 St" (-41,68) (93,-31) (-69,72) (5,81) (65,-88)
add "31 St" (38,94) (-56,-59) (7,8) (-10,25) (-57,-48) (-50,60) (-98,16) (8,63) (-98,-13)
add "32 St" (71,-9) (-85,-84) (61,31) (72,-84) (17,-84) (26,-60)
add "33 St" (-80,-50) (56,12) (-22,4)
add "34 St" (-28,68) (58,4) (-84,77) (11,-53) (88,-44) (-20,-67) (-88,47) (90,-46) (92,-36) (61,-66) (-24,-16)
add "35 St" (-13,-55) (44,-26) (-32,14)
add "36 St" (38,-16) (77,42) (15,71) (46,-80) (42,-86)
add "37 St" (-26,45) (72,-77) (-20,-64) (-18,-5) (86,71) (58,30) (-48,-72) (75,51)
add "38 St" (-33,-9) (81,-32) (69,-19)
add "39 St" (71,93) (-61,15) (76,28) (26,-71) (86,33)
add "40 St" (-62,-60) (9,38) (-63,-80) (-23,-35) (-59,36)
add "41 St" (55,73) (19,93) (-48,-8) (-78,52) (-43,40) (-40,-45) (-35,12)
add "42 St" (-13,72) (-33,-12) (25,17) (-9,4) (49,68) (87,47)
add "43 St" (-67,0) (-56,50) (-97,-81)
add "44 St" (22,-55) (58,-37) (10,4) (72,-29)
add "45 St" (-30,-80) (99,93) (-89,83) (94,-20) (-87,-68) (88,-89) (-11,61)
add "46 St" (-32,41) (-10,-91) (-26,61) (-1,22) (92,77) (5,-84) (-33,21) (-87,-24) (8,-94)
add "47 St" (-7,-92) (-81,-66) (-61,-83) (-1,14) (15,-18) (-10,-58) (-41,-80) (-88,84) (36,-23) (78,-84)
add "48 St" (42,84) (-81,66) (-64,71) (66,-74) (-30,1) (-5,3) (43,80) (-100,66)
add "49 St" (4,0) (-16,-31) (58,1)
add "50 St" (-99,-24) (-78,-49) (31,-18) (24,94) (-55,78) (-94,-68) (-33,-9) (-49,29) (0,78)
add "51 St" (92,20) (22,-1) (-13,-35) (43,25) (-13,-25) (19,97)
add "52 St" (86,4) (-8,4) (45,-82) (-86,49) (58,-50) (-76,-59) (-69,46) (-87,-1) (19,34) (11,-84) (93,-41)
add "53 St" (29,80) (-84,39) (3,31) (-16,77) (-32,20) (-5,65) (12,41) (33,-56) (-99,-64) (-86,91) (-79,-45)
add "54 St" (-20,-47) (81,-5) (-21,-72) (-34,-1) (-20,-42)
add "55 St" (-39,86) (-81,78) (-54,10) (-43,7)
add "56 St" (-19,-47) (-64,-5) (-96,64) (-57,-31) (73,54) (-29,95) (-23,-11) (-35,-6) (-35,-50)
add "57 St" (-7,58) (-36,-93) (-21,51) (-20,-42) (-98,-53) (-52,-26) (57,-18) (-89,95) (-75,-35) (95,-69)
add "58 St" (-63,50) (26,6)
add "59 St" (9,18) (85,56) (1,-8) (64,71) (-66,-31) (10,38) (86,80) (-9,54) (-17,-88) (91,-15) (24,-52)
add "60 St" (-77,-8) (76,-17) (-19,-43) (94,-39) (66,-38) (-16,13) (75,87) (-47,-95) (18,-68) (-7,0)
add "61 St" (-18,54) (-23,85) (37,18) (4,-99) (75,75) (38,65) (42,-59)
add "62 St" (46,-83) (-46,-18) (-11,89) (69,53) (-70,-3)
add "63 St" (-75,66) (-83,80) (-81,5)
add "64 St" (68,-14) (-52,-33) (-9,-64) (5,-73) (-75,-53) (-50,8) (76,74) (-10,-50)
add "65 St" (-9,59) (-69,0) (-92,71) (-33,78) (33,-84) (10,-92) (-47,-42) (-26,92) (70,95) (-23,95)
add "66 St" (-25,41) (-59,-91)
add "67 St" (3,-88) (-27,71) (-69,12) (-31,-32)
add "68 St" (-29,-87) (-25,-9)
add "69 St" (-59,89) (33,-71) (8,-70)
add "70 St" (20,-97) (82,-43) (84,15) (-16,26) (-5,31) (87,52) (-46,-32) (68,27)
add "71 St" (52,-63) (30,-40) (-76,25)
add "72 St" (7,-87) (-87,26) (-39,93) (39,-47) (57,-19) (69,66) (44,-52) (-30,-71) (0,-63) (-16,-38)
add "73 St" (61,-84) (-20,12)
add "74 St" (-45,-7) (-8,-97) (-20,84) (44,-18) (-81,-3)
add "75 St" (-78,43) (-41,-14) (11,20) (7,-64) (19,64) (55,-8) (32,-83)
add "76 St" (81,25) (17,-84) (44,70) (3,24) (-53,-26) (57,-47) (98,-4) (36,-9)
add "77 St" (58,-66) (39,53) (31,-84) (-44,-39)
add "78 St" (-87,90) (-12,90) (2,43) (-64,44) (52,24) (50,-100) (14,-7) (-66,43) (-67,-68) (1,-69) (-5,-26)
add "79 St" (59,-45) (-79,29) (-83,87)
add "80 St" (-82,9) (-75,5) (13,-14) (87,-17) (98,2) (-44,-69) (4,71)
add "81 St" (-3,8) (31,49) (-58,-19) (63,7)
add "82 St" (8,56) (-43,-35) (55,-49) (1,-5) (-9,-36) (67,-51) (35,-90)
add "83 St" (63,-28) (-9,-59) (-17,-44)
add "84 St" (-89,-48) (-95,-20) (98,94) (25,11)
add "85 St" (-22,10) (5,-50) (-63,-39) (37,16) (-63,-98)
add "86 St" (36,87) (86,63) (58,-52) (-61,53) (-89,32) (-51,64) (-75,-90) (99,40) (51,21) (-66,43) (-90,-11)
add "87 St" (-19,-34) (-90,46) (30,-45) (-8,-73) (-35,99) (-90,-26) (82,3) (-81,-24) (-21,70)
add "88 St" (37,-92) (48,92) (0,92)
add "89 St" (6,33) (-60,-34) (-47,-44) (33,5) (-10,-12) (-26,75) (-22,0) (-22,-1) (-55,-40) (71,-55) (42,41)
add "90 St" (-23,32) (-20,38) (-96,-60) (35,-31) (-26,8) (-48,25) (25,50) (-79,67) (-77,-22) (-100,-83)
add "91 St" (15,-44) (-79,-32) (87,40) (63,-38) (12,87)
add "92 St" (24,98) (-43,-31) (39,59)
rm "9 St"
mod "47 St" (-95,-70) (91,26)
rm "26 St"
mod "20 St" (-37,64) (12,82) (5,51) (52,-60)
rm "34 St"
rm "43 St"
mod "35 St" (-9,-17) (-53,-65) (-71,98) (93,-15) (93,79) (8,94) (-75,-3) (-83,15)
mod "77 St" (18,-40) (-24,-39) (50,-87) (-57,-33) (27,-47) (-95,-40) (-86,41) (99,50)
mod "37 St" (1,-89) (-71,-20) (-50,-15) (-31,37) (92,47) (-71,-23)
rm "91 St"
rm "44 St"
rm "78 St"
rm "85 St"
mod "75 St" (87,-37) (-22,-68) (-76,0) (58,-76) (62,-88) (-3,56) (95,-13)
rm "45 St"
mod "0 St" (-61,-35) (74,75) (-68,100) (84,-70) (-73,94) (83,98)
mod "58 St" (24,-37) (42,-72) (-10,91) (-71,-12) (-1,-11) (16,66) (-7,78)
mod "86 St" (68,31) (60,44) (-94,-43) (5,-15) (-70,-81)
rm "45 St"
rm "39 St"
mod "83 St" (82,-96) (71,22) (-75,-41) (-65,-60)
mod "15 St" (-79,76) (19,-61) (-69,95) (91,-24) (-21,-16) (-75,-75) (-31,61) (63,-91)
mod "62 St" (-87,-78) (-37,74) (27,8) (-11,81)
mod "23 St" (-71,77) (42,57)
mod "21 St" (-63,14) (75,-16) (6,-67) (-47,-75) (-65,14) (-96,24) (-18,0) (1,86) (18,-78)
mod "71 St" (-22,-27) (62,90) (97,21) (27,-61) (99,23) (-72,-55)
mod "92 St" (-50,-66) (9,-43) (96,-53) (91,29)
mod "82 St" (-6,92) (-81,34) (-34,-95) (-28,-36) (88,6) (99,58) (-100,-73) (45,99)
rm "87 St"
rm "62 St"
mod "65 St" (34,-100) (2,81) (-92,-31) (-59,-43)
rm "38 St"
mod "12 St" (-70,9) (12,-47) (-2,-9) (-39,-21) (54,2) (97,-2) (88,66) (-71,-83) (-29,71) (87,-5)
mod "90 St" (-28,45) (-19,-47) (82,-24) (-61,84) (-11,91) (18,91) (53,-3)
mod "79 St" (-9,54) (-44,14)
rm "66 St"
mod "10 St" (19,-74) (52,-70) (-83,18) (56,81) (-32,38) (88,38) (-7,45) (-55,-23) (22,-24)
rm "22 St"
mod "24 St" (-97,-49) (45,-18) (-51,32)
rm "10 St"
rm "12 St"
rm "84 St"
rm "39 St"
rm "59 St"
rm "16 St"
mod "87 St" (4,24) (57,73) (-98,7) (56,100) (-69,-17) (-21,-76) (14,-69) (-73,-19) (-90,-36)
rm "46 St"
rm "18 St"
mod "87 St" (-71,-60) (-68,-22) (96,-1) (51,44) (99,100) (56,-5)
mod "35 St" (-25,0) (27,93)
mod "7 St" (-14,-75) (23,-42) (-65,54) (-51,-1) (-45,58) (18,24) (41,-8) (-86,26)
rm "36 St"
rm "41 St"
mod "78 St" (-59,62) (-64,-3) (-47,-55) (47,30) (-53,-92) (-9,-9) (19,33) (85,-11)
mod "52 St" (-32,37) (-25,-54) (5,-61)
mod "8 St" (-75,-55) (74,7) (-61,73) (-81,-10) (-63,52) (63,30) (-39,52) (-53,-10) (-44,79) (82,-12)
mod "59 St" (-49,95) (-3,81) (-32,47) (92,26) (-16,-71) (-43,-50) (55,5) (-87,-57)
rm "21 St"
rm "44 St"
mod "0 St" (-83,99) (96,-17) (39,-90)
rm "81 St"
mod "82 St" (44,-50) (-21,-58) (5,38) (37,-87)
mod "60 St" (56,-36) (-23,5) (-92,-9) (-24,-80)
rm "92 St"
mod "9 St" (40,-52) (27,-99) (37,89) (-27,-99)
rm "22 St"
gg
