add "4 St" (-74,-48) (93,-74) (49,-55) (26,24) (-60,-37)
add "5 St" (7,-43) (70,-67)
add "6 St" (-27,-94) (-86,32) (-15,55) (8,99) (97,-6) (89,88) (38,-72) (39,-59) (-20,-81)
add "7 St" (51,8) (22,-55)
add "8 St" (-16,-82) (45,-90) (-15,-23) (24,-39) (72,-61) (47,-90) (-97,-29) (-51,43) (17,-81) (65,-51) (91,37)
add "9 St" (-69,-24) (4,-73) (90,-81) (17,-51) (70,-2) (-92,24) (12,-91)
add "10 St" (-12,61) (56,-86)
add "11 St" (76,-82) (3,-99) (-28,-74) (39,97)
add "12 St" (-85,49) (-86,-17) (18,-32) (73,-60) (-57,5)
add "13 St" (0,-15) (-88,-63)
add "14 St" (-50,-54) (5,-34) (64,-11) (-91,84) (3,14) (-70,6) (99,-83) (-97,-19) (16,-92) (-45,7) (-2,72)
add "15 St" (14,-49) (55,-42) (-17,-17) (-82,-29) (100,-6)
add "16 St" (0,3) (-37,-11) (26,99) (88,-16) (-74,23)
add "17 St" (86,-2) (88,-50) (58,52) (60,42) (-75,-75) (-71,93) (-3,61) (-30,67) (-96,-62)
add "18 St" (95,-94) (51,-2) (-78,-30) (9,-34) (-93,-3)
add "19 St" (6,59) (-66,81) (7,-79) (44,35) (20,84)
add "20 St" (40,87) (84,13) (-29,16) (94,33) (99,-27) (-67,76) (-89,53) (63,93) (-85,-91) (37,58)
add "21 St" (9,-90) (46,-45) (47,-22) (13,-8) (-26,-83)
add "22 St" (-45,-82) (68,44) (-80,90) (-16,-3) (-17,97) (65,16) (-21,12) (62,61)
add "23 St" (-50,36) (32,52) (-16,21) (-17,-85)
add "24 St" (90,-15) (21,-58)
rm "52 St"
mod "9 St" (68,-55) (-3,-62) (45,-42) (-71,55) (-75,82) (100,-94) (-89,34) (-54,-17) (47,5)
rm "20 St"
rm "90 St"
mod "65 St" (19,88) (69,22)
rm "26 St"
mod "58 St" (-71,65) (56,-68) (47,83) (70,-56) (45,42) (-99,-27)
rm "65 St"
gg